51
40         50          0          0        240          0
25         85         20        145        175         10
22         75         30         50         80         10
22         85         10        109        139         10
20         80         40        141        171         10
20         85         20         41         71         10
18         75         20         95        125         10
15         75         20         79        109         10
15         80         10         91        121         10
10         35         20         91        121         10
10         40         30        119        149         10
8         40         40         59         89         10
8         45         20         64         94         10
5         35         10        142        172         10
5         45         10         35         65         10
2         40         20         58         88         10
0         40         20         72        102         10
0         45         20        149        179         10
44          5         20         87        117         10
42         10         40         72        102         10
42         15         10        122        152         10
40          5         10         67         97         10
40         15         40         92        122         10
38          5         30         65         95         10
38         15         10        148        178         10
35          5         20        154        184         10
95         30         30        115        145         10
95         35         20         62         92         10
92         30         10         62         92         10
90         35         10         67         97         10
88         30         10         74        104         10
88         35         20         61         91         10
87         30         10        131        161         10
85         25         10         51         81         10
85         35         30        111        141         10
67         85         20        139        169         10
65         85         40         43         73         10
65         82         10        124        154         10
62         80         30         75        105         10
60         80         10         37         67         10
60         85         30         85        115         10
58         75         20         92        122         10
55         80         10         33         63         10
55         85         20        128        158         10
55         82         10         64         94         10
20         82         10         37         67         10
18         80         10        113        143         10
2         45         10         45         75         10   
42          5         10        151        181         10
42         12         10        104        134         10
72         35         30        116        146         10
